tensor([[1.0063e-02, 4.1407e-03, 7.5532e-02, 7.4996e-04, 8.1842e-01, 2.3917e-01, 8.5377e-01, 6.4599e-01,
         7.0932e-02, 2.1430e-01, 1.5107e-02, 3.4498e-01, 4.7498e-02, 2.9953e-01, 8.4238e-01, 8.0446e-01,
         9.2672e-01, 9.7415e-01, 7.6371e-01, 9.4592e-01, 9.8925e-01, 8.8362e-01],
        [3.3114e-04, 2.6090e-01, 1.8393e-01, 8.5336e-01, 1.1161e-01, 5.6391e-04, 7.4684e-01, 7.1162e-02,
         9.9760e-01, 1.5532e-01, 9.5814e-01, 2.6383e-04, 0.0000e+00, 0.0000e+00, 0.0000e+00, 0.0000e+00,
         0.0000e+00, 0.0000e+00, 0.0000e+00, 0.0000e+00, 0.0000e+00, 0.0000e+00],
        [1.0063e-02, 4.1430e-03, 7.5466e-02, 7.5064e-04, 8.1835e-01, 2.3981e-01, 8.5371e-01, 6.4690e-01,
         7.0943e-02, 2.1331e-01, 1.5204e-02, 3.4343e-01, 4.7208e-02, 2.9802e-01, 8.4231e-01, 8.0449e-01,
         9.2618e-01, 9.7381e-01, 7.6341e-01, 9.4475e-01, 9.8925e-01, 8.8222e-01],
        [3.3114e-04, 2.6223e-01, 1.8405e-01, 8.5532e-01, 1.1163e-01, 5.6288e-04, 7.4584e-01, 7.0847e-02,
         9.9760e-01, 1.5624e-01, 9.5804e-01, 2.6548e-04, 0.0000e+00, 0.0000e+00, 0.0000e+00, 0.0000e+00,
         0.0000e+00, 0.0000e+00, 0.0000e+00, 0.0000e+00, 0.0000e+00, 0.0000e+00],
        [1.0063e-02, 4.1513e-03, 7.5736e-02, 7.4983e-04, 8.1831e-01, 2.3981e-01, 8.5379e-01, 6.4733e-01,
         7.0587e-02, 2.1276e-01, 1.5105e-02, 3.4491e-01, 4.6932e-02, 3.0174e-01, 8.4241e-01, 8.0455e-01,
         9.2716e-01, 9.7410e-01, 7.6332e-01, 9.4669e-01, 9.8925e-01, 8.8360e-01],
        [3.3114e-04, 2.6248e-01, 1.8358e-01, 8.5518e-01, 1.1196e-01, 5.6438e-04, 7.4576e-01, 7.1076e-02,
         9.9760e-01, 1.5524e-01, 9.5825e-01, 2.6551e-04, 0.0000e+00, 0.0000e+00, 0.0000e+00, 0.0000e+00,
         0.0000e+00, 0.0000e+00, 0.0000e+00, 0.0000e+00, 0.0000e+00, 0.0000e+00],
        [1.0063e-02, 4.1380e-03, 7.5683e-02, 7.4973e-04, 8.2043e-01, 2.3915e-01, 8.5393e-01, 6.4743e-01,
         7.0915e-02, 2.1319e-01, 1.5093e-02, 3.4490e-01, 4.7502e-02, 2.9831e-01, 8.4126e-01, 8.0449e-01,
         9.2658e-01, 9.7414e-01, 7.6372e-01, 9.4589e-01, 9.8916e-01, 8.8216e-01],
        [3.3114e-04, 2.6109e-01, 1.8373e-01, 8.5315e-01, 1.1114e-01, 5.6436e-04, 7.4697e-01, 7.0991e-02,
         9.9760e-01, 1.5621e-01, 9.5821e-01, 2.6576e-04, 0.0000e+00, 0.0000e+00, 0.0000e+00, 0.0000e+00,
         0.0000e+00, 0.0000e+00, 0.0000e+00, 0.0000e+00, 0.0000e+00, 0.0000e+00],
        [1.0063e-02, 4.1473e-03, 7.5488e-02, 7.5059e-04, 8.2024e-01, 2.3918e-01, 8.5387e-01, 6.4768e-01,
         7.0919e-02, 2.1261e-01, 1.5100e-02, 3.4492e-01, 4.7364e-02, 2.9779e-01, 8.4044e-01, 8.0430e-01,
         9.2666e-01, 9.7379e-01, 7.6073e-01, 9.4602e-01, 9.8920e-01, 8.8384e-01],
        [3.3114e-04, 2.6109e-01, 1.8435e-01, 8.5534e-01, 1.1196e-01, 5.6507e-04, 7.4603e-01, 7.1116e-02,
         9.9761e-01, 1.5532e-01, 9.5821e-01, 2.6362e-04, 0.0000e+00, 0.0000e+00, 0.0000e+00, 0.0000e+00,
         0.0000e+00, 0.0000e+00, 0.0000e+00, 0.0000e+00, 0.0000e+00, 0.0000e+00],
        [1.0063e-02, 4.1285e-03, 7.5560e-02, 7.4628e-04, 8.2055e-01, 2.3941e-01, 8.5387e-01, 6.4582e-01,
         7.0981e-02, 2.1283e-01, 1.5092e-02, 3.4494e-01, 4.6928e-02, 2.9830e-01, 8.4252e-01, 8.0416e-01,
         9.2662e-01, 9.7412e-01, 7.6414e-01, 9.4546e-01, 9.8921e-01, 8.8338e-01],
        [3.3114e-04, 2.6266e-01, 1.8392e-01, 8.5323e-01, 1.1220e-01, 5.6549e-04, 7.4613e-01, 7.1154e-02,
         9.9760e-01, 1.5547e-01, 9.5820e-01, 2.6380e-04, 0.0000e+00, 0.0000e+00, 0.0000e+00, 0.0000e+00,
         0.0000e+00, 0.0000e+00, 0.0000e+00, 0.0000e+00, 0.0000e+00, 0.0000e+00],
        [1.0063e-02, 4.1276e-03, 7.5202e-02, 7.5017e-04, 8.1837e-01, 2.4028e-01, 8.5373e-01, 6.4796e-01,
         7.0518e-02, 2.1308e-01, 1.5220e-02, 3.4483e-01, 4.6912e-02, 2.9855e-01, 8.4041e-01, 8.0475e-01,
         9.2712e-01, 9.7407e-01, 7.6277e-01, 9.4549e-01, 9.8920e-01, 8.8220e-01],
        [3.3114e-04, 2.6100e-01, 1.8432e-01, 8.5507e-01, 1.1171e-01, 5.6332e-04, 7.4585e-01, 7.1583e-02,
         9.9760e-01, 1.5523e-01, 9.5811e-01, 2.6388e-04, 0.0000e+00, 0.0000e+00, 0.0000e+00, 0.0000e+00,
         0.0000e+00, 0.0000e+00, 0.0000e+00, 0.0000e+00, 0.0000e+00, 0.0000e+00],
        [1.0063e-02, 4.1417e-03, 7.5220e-02, 7.4915e-04, 8.1816e-01, 2.3942e-01, 8.5563e-01, 6.4602e-01,
         7.1010e-02, 2.1328e-01, 1.5097e-02, 3.4708e-01, 4.7164e-02, 2.9846e-01, 8.4207e-01, 8.0477e-01,
         9.2719e-01, 9.7413e-01, 7.6349e-01, 9.4552e-01, 9.8922e-01, 8.8209e-01],
        [3.3114e-04, 2.6120e-01, 1.8474e-01, 8.5340e-01, 1.1189e-01, 5.6632e-04, 7.4597e-01, 7.1008e-02,
         9.9760e-01, 1.5512e-01, 9.5821e-01, 2.6451e-04, 0.0000e+00, 0.0000e+00, 0.0000e+00, 0.0000e+00,
         0.0000e+00, 0.0000e+00, 0.0000e+00, 0.0000e+00, 0.0000e+00, 0.0000e+00]])
