tensor([[1.0055e-02, 4.1394e-03, 7.5649e-02, 7.5048e-04, 8.2057e-01, 2.3988e-01, 8.5365e-01, 6.4705e-01,
         7.0937e-02, 2.1322e-01, 1.5205e-02, 3.4141e-01, 4.6929e-02, 2.9944e-01, 8.4047e-01, 8.0425e-01,
         9.2714e-01, 9.7426e-01, 7.6361e-01, 9.4634e-01, 9.8934e-01, 8.8364e-01],
        [3.3137e-04, 2.6179e-01, 1.8394e-01, 8.5535e-01, 1.1172e-01, 5.6378e-04, 7.4614e-01, 7.1101e-02,
         9.9763e-01, 1.5616e-01, 9.5813e-01, 2.6550e-04, 0.0000e+00, 0.0000e+00, 0.0000e+00, 0.0000e+00,
         0.0000e+00, 0.0000e+00, 0.0000e+00, 0.0000e+00, 0.0000e+00, 0.0000e+00],
        [1.0055e-02, 4.1394e-03, 7.5649e-02, 7.5048e-04, 8.2057e-01, 2.3988e-01, 8.5365e-01, 6.4705e-01,
         7.0937e-02, 2.1322e-01, 1.5205e-02, 3.4141e-01, 4.6929e-02, 2.9944e-01, 8.4047e-01, 8.0425e-01,
         9.2714e-01, 9.7426e-01, 7.6361e-01, 9.4634e-01, 9.8934e-01, 8.8364e-01],
        [3.3137e-04, 2.6179e-01, 1.8394e-01, 8.5535e-01, 1.1172e-01, 5.6378e-04, 7.4614e-01, 7.1101e-02,
         9.9763e-01, 1.5616e-01, 9.5813e-01, 2.6550e-04, 0.0000e+00, 0.0000e+00, 0.0000e+00, 0.0000e+00,
         0.0000e+00, 0.0000e+00, 0.0000e+00, 0.0000e+00, 0.0000e+00, 0.0000e+00],
        [1.0055e-02, 4.1394e-03, 7.5649e-02, 7.5048e-04, 8.2057e-01, 2.3988e-01, 8.5365e-01, 6.4705e-01,
         7.0937e-02, 2.1322e-01, 1.5205e-02, 3.4141e-01, 4.6929e-02, 2.9944e-01, 8.4047e-01, 8.0425e-01,
         9.2714e-01, 9.7426e-01, 7.6361e-01, 9.4634e-01, 9.8934e-01, 8.8364e-01],
        [3.3137e-04, 2.6179e-01, 1.8394e-01, 8.5535e-01, 1.1172e-01, 5.6378e-04, 7.4614e-01, 7.1101e-02,
         9.9763e-01, 1.5616e-01, 9.5813e-01, 2.6550e-04, 0.0000e+00, 0.0000e+00, 0.0000e+00, 0.0000e+00,
         0.0000e+00, 0.0000e+00, 0.0000e+00, 0.0000e+00, 0.0000e+00, 0.0000e+00],
        [1.0055e-02, 4.1394e-03, 7.5649e-02, 7.5048e-04, 8.2057e-01, 2.3988e-01, 8.5365e-01, 6.4705e-01,
         7.0937e-02, 2.1322e-01, 1.5205e-02, 3.4141e-01, 4.6929e-02, 2.9944e-01, 8.4047e-01, 8.0425e-01,
         9.2714e-01, 9.7426e-01, 7.6361e-01, 9.4634e-01, 9.8934e-01, 8.8364e-01],
        [3.3137e-04, 2.6179e-01, 1.8394e-01, 8.5535e-01, 1.1172e-01, 5.6378e-04, 7.4614e-01, 7.1101e-02,
         9.9763e-01, 1.5616e-01, 9.5813e-01, 2.6550e-04, 0.0000e+00, 0.0000e+00, 0.0000e+00, 0.0000e+00,
         0.0000e+00, 0.0000e+00, 0.0000e+00, 0.0000e+00, 0.0000e+00, 0.0000e+00],
        [1.0055e-02, 4.1394e-03, 7.5649e-02, 7.5048e-04, 8.2057e-01, 2.3988e-01, 8.5365e-01, 6.4705e-01,
         7.0937e-02, 2.1322e-01, 1.5205e-02, 3.4141e-01, 4.6929e-02, 2.9944e-01, 8.4047e-01, 8.0425e-01,
         9.2714e-01, 9.7426e-01, 7.6361e-01, 9.4634e-01, 9.8934e-01, 8.8364e-01],
        [3.3137e-04, 2.6179e-01, 1.8394e-01, 8.5535e-01, 1.1172e-01, 5.6378e-04, 7.4614e-01, 7.1101e-02,
         9.9763e-01, 1.5616e-01, 9.5813e-01, 2.6550e-04, 0.0000e+00, 0.0000e+00, 0.0000e+00, 0.0000e+00,
         0.0000e+00, 0.0000e+00, 0.0000e+00, 0.0000e+00, 0.0000e+00, 0.0000e+00],
        [1.0055e-02, 4.1394e-03, 7.5649e-02, 7.5048e-04, 8.2057e-01, 2.3988e-01, 8.5365e-01, 6.4705e-01,
         7.0937e-02, 2.1322e-01, 1.5205e-02, 3.4141e-01, 4.6929e-02, 2.9944e-01, 8.4047e-01, 8.0425e-01,
         9.2714e-01, 9.7426e-01, 7.6361e-01, 9.4634e-01, 9.8934e-01, 8.8364e-01],
        [3.3137e-04, 2.6179e-01, 1.8394e-01, 8.5535e-01, 1.1172e-01, 5.6378e-04, 7.4614e-01, 7.1101e-02,
         9.9763e-01, 1.5616e-01, 9.5813e-01, 2.6550e-04, 0.0000e+00, 0.0000e+00, 0.0000e+00, 0.0000e+00,
         0.0000e+00, 0.0000e+00, 0.0000e+00, 0.0000e+00, 0.0000e+00, 0.0000e+00],
        [1.0055e-02, 4.1394e-03, 7.5649e-02, 7.5048e-04, 8.2057e-01, 2.3988e-01, 8.5365e-01, 6.4705e-01,
         7.0937e-02, 2.1322e-01, 1.5205e-02, 3.4141e-01, 4.6929e-02, 2.9944e-01, 8.4047e-01, 8.0425e-01,
         9.2714e-01, 9.7426e-01, 7.6361e-01, 9.4634e-01, 9.8934e-01, 8.8364e-01],
        [3.3137e-04, 2.6179e-01, 1.8394e-01, 8.5535e-01, 1.1172e-01, 5.6378e-04, 7.4614e-01, 7.1101e-02,
         9.9763e-01, 1.5616e-01, 9.5813e-01, 2.6550e-04, 0.0000e+00, 0.0000e+00, 0.0000e+00, 0.0000e+00,
         0.0000e+00, 0.0000e+00, 0.0000e+00, 0.0000e+00, 0.0000e+00, 0.0000e+00],
        [1.0055e-02, 4.1394e-03, 7.5649e-02, 7.5048e-04, 8.2057e-01, 2.3988e-01, 8.5365e-01, 6.4705e-01,
         7.0937e-02, 2.1322e-01, 1.5205e-02, 3.4141e-01, 4.6929e-02, 2.9944e-01, 8.4047e-01, 8.0425e-01,
         9.2714e-01, 9.7426e-01, 7.6361e-01, 9.4634e-01, 9.8934e-01, 8.8364e-01],
        [3.3137e-04, 2.6179e-01, 1.8394e-01, 8.5535e-01, 1.1172e-01, 5.6378e-04, 7.4614e-01, 7.1101e-02,
         9.9763e-01, 1.5616e-01, 9.5813e-01, 2.6550e-04, 0.0000e+00, 0.0000e+00, 0.0000e+00, 0.0000e+00,
         0.0000e+00, 0.0000e+00, 0.0000e+00, 0.0000e+00, 0.0000e+00, 0.0000e+00]])
